HST                     
1 20580U 90037B   22007.13048981  .00000682  00000+0  30053-4 0  9999
2 20580  28.4689 157.1651 0002840  95.5195  67.3935 15.09926122542076
POLAR                   
1 23802U 96013A   22005.52383176  .00000243  00000+0  00000+0 0  9995
2 23802  78.7319 243.2628 5886065 264.4082  29.9560  1.29846863123771
SWAS                    
1 25560U 98071A   22006.47141073  .00000370  00000+0  42894-4 0  9990
2 25560  69.8989  34.1357 0009928 223.9745 136.0622 14.94285779253828
CXO                     
1 25867U 99040B   22009.38118769  .00000203  00000+0  00000+0 0  9999
2 25867  49.7840 245.4609 8624780 229.0160   0.3691  0.37804421 22357
XMM-NEWTON              
1 25989U 99066A   22006.95378647 -.00000075  00000+0  00000+0 0  9993
2 25989  70.4685 307.8111 6269827  88.4610   0.4283  0.50134439 29235
TERRA                   
1 25994U 99068A   22007.17155028  .00000089  00000+0  29735-4 0  9997
2 25994  98.1567  82.6475 0001392  95.4444 317.0807 14.57143626173134
CLUSTER II-FM7 (SAMBA)  
1 26410U 00041A   22008.28558621  .00000452  00000+0  00000+0 0  9996
2 26410 133.5392 346.2673 5303740 196.2973 359.2569  0.44205994 13102
CLUSTER II-FM6 (SALSA)  
1 26411U 00041B   22008.27734960  .00000617  00000+0  00000+0 0  9991
2 26411 135.0436 348.8859 6895298 200.8474 359.2067  0.44217741 13157
CLUSTER II-FM5 (RUMBA)  
1 26463U 00045A   22008.28127378  .00000665  00000+0  00000+0 0  9995
2 26463 138.6417 349.0768 6426244 201.4551 359.2427  0.44217621 13043
CLUSTER II-FM8 (TANGO)  
1 26464U 00045B   22008.28442033  .00000451  00000+0  00000+0 0  9997
2 26464 133.5243 346.2574 5300055 196.2774 359.2795  0.44217906 13119
ODIN                    
1 26702U 01007A   22006.62971913  .00000587  00000+0  41159-4 0  9996
2 26702  97.5290  24.3894 0011907 120.2646 239.9762 15.08923838141865
TIMED                   
1 26998U 01055B   22006.80765755  .00000160  00000+0  21339-4 0  9996
2 26998  74.0718 241.6052 0001594 220.7002 139.4060 14.88422041 88952
RHESSI                  
1 27370U 02004A   22006.84347686  .00004985  00000+0  13586-3 0  9992
2 27370  38.0326 285.5201 0012720 303.6717  56.2842 15.37489266101689
INTEGRAL                
1 27540U 02048A   22006.29098403  .00000335  00000+0  00000+0 0  9996
2 27540  70.4769  70.0026 8964458 299.8184 161.5369  0.37566789 20546
CORIOLIS                
1 27640U 03001A   22006.92544056  .00000004  00000+0  22895-4 0  9991
2 27640  98.7200  18.4892 0013836 198.3755 221.6614 14.19096460984067
SORCE                   
1 27651U 03004A   22006.36278633  .00000269  00000+0  41812-4 0  9992
2 27651  39.9968  42.2215 0022278  52.1358 308.1443 14.89497377 28897
MOST                    
1 27843U 03031D   22007.00111809 -.00000014  00000+0  13931-4 0  9998
2 27843  98.7088  16.9723 0008979 252.1264 107.8933 14.20656340960321
SCISAT 1                
1 27858U 03036A   22007.08794091  .00000098  00000+0  18770-4 0  9994
2 27858  73.9327 142.6510 0008764 225.7435 134.3021 14.77414307991613
SWIFT                   
1 28485U 04047A   22007.10662920  .00001418  00000+0  65236-4 0  9998
2 28485  20.5581   2.0968 0011019  55.3004 304.8468 15.05422205939273
CLOUDSAT                
1 29107U 06016A   22006.84221841  .00000071  00000+0  23502-4 0  9995
2 29107  98.3074 325.7214 0004291  87.9367 272.2325 14.62763890835401
CALIPSO                 
1 29108U 06016B   22007.10745121  .00000230  00000+0  54653-4 0  9996
2 29108  98.3043 325.6315 0001212  85.7244 274.4096 14.62674647835454
HINODE (SOLAR-B)        
1 29479U 06041A   22007.01882347  .00000157  00000+0  38450-4 0  9992
2 29479  98.1287  24.1826 0019403  18.0309 342.1578 14.64649364817136
SJ-6C                   
1 29505U 06046A   22007.06669953  .00000783  00000+0  76105-4 0  9992
2 29505  97.7887  29.1204 0003328 314.5545  45.5414 14.95434385828579
SJ-6D                   
1 29506U 06046B   22007.05058994 -.00000221  00000+0 -15503-4 0  9993
2 29506  97.8084  29.3198 0003202  56.2928 303.8614 14.93701160828040
AGILE                   
1 31135U 07013A   22005.66753152  .00004246  00000+0  87350-4 0  9990
2 31135   2.4682  72.4284 0010618  53.2127 306.8901 15.34890993451873
AIM                     
1 31304U 07015A   22007.05501870  .00001614  00000+0  89361-4 0  9993
2 31304  97.8597 280.5426 0004245 193.7919 166.3197 15.15362052806736
FGRST (GLAST)           
1 33053U 08029A   22006.86709116  .00000635  00000+0  19287-4 0  9995
2 33053  25.5811 188.5870 0012497 107.5929 252.5972 15.11728439749217
WISE                    
1 36119U 09071A   22006.72883908  .00001579  00000+0  53989-4 0  9991
2 36119  97.2612  44.4176 0003485 131.4283 228.7259 15.31734386670736
SDO                     
1 36395U 10005A   22006.30916838 -.00000083  00000+0  00000+0 0  9990
2 36395  31.3463 111.8642 0001942 226.4860 136.7821  1.00269092 43795
CRYOSAT 2               
1 36508U 10013A   22007.11941529  .00000105  00000+0  25369-4 0  9994
2 36508  92.0258 245.0173 0008085  80.0955 280.1164 14.51902321622763
X-SAT                   
1 37389U 11015C   22007.22661458  .00000021  00000+0  26948-4 0  9998
2 37389  98.3575  48.5040 0015307  66.6934 293.5861 14.24397945557256
GCOM-W1 (SHIZUKU)       
1 38337U 12025A   22007.11757250  .00000104  00000+0  33098-4 0  9994
2 38337  98.2315 310.0707 0001469  51.9696 318.5056 14.57124034512814
NUSTAR                  
1 38358U 12031A   22005.02552062  .00001326  00000+0  64028-4 0  9990
2 38358   6.0264 112.2299 0011258 141.4911 218.6022 14.88770471520455
NEOSSAT                 
1 39089U 13009D   22006.51220377  .00000047  00000+0  31803-4 0  9998
2 39089  98.4273 206.7835 0012072  43.6886 316.5253 14.34606725464009
BRITE-AUSTRIA           
1 39091U 13009F   22007.10343467  .00000021  00000+0  22130-4 0  9998
2 39091  98.4116 208.5032 0011280  43.5423 316.6652 14.35220017464295
IRIS                    
1 39197U 13033A   22006.56249450  .00000265  00000+0  42906-4 0  9991
2 39197  97.9647 193.8821 0027287 190.1730 169.8932 14.78982847460042
HISAKI (SPRINT-A)       
1 39253U 13049A   22006.83513750  .00000059  00000+0 -99921-5 0  9990
2 39253  29.7178 186.0453 0137079 187.6275 172.2203 13.55256886411167
CASSIOPE                
1 39265U 13055A   22006.86357533  .00003656  00000+0  97976-4 0  9990
2 39265  80.9660  78.1729 0639374  75.7760 291.3545 14.34798408429130
STSAT-3                 
1 39422U 13066G   22006.73777934  .00000679  00000+0  75272-4 0  9991
2 39422  97.4714  20.6383 0024603 100.0797 260.3161 14.90094710441750
SWARM B                 
1 39451U 13067A   22006.86965299  .00000747  00000+0  30855-4 0  9995
2 39451  87.7516 109.7619 0002358 118.0182 242.1302 15.22339035436369
SWARM A                 
1 39452U 13067B   22006.85327466  .00002382  00000+0  46693-4 0  9997
2 39452  87.3599 283.5197 0002708  75.9542 284.2017 15.46756957456969
SWARM C                 
1 39453U 13067C   22006.85308253  .00002380  00000+0  46689-4 0  9994
2 39453  87.3452 283.3199 0002709  75.8722 284.2838 15.46736067456925
BRITE-CA1 (TORONTO)     
1 40020U 14033L   22006.96220080  .00000092  00000+0  23710-4 0  9991
2 40020  97.7562 174.3622 0088348  59.1150 301.8706 14.66830783404101
OCO 2                   
1 40059U 14035A   22007.11228787  .00000078  00000+0  27326-4 0  9996
2 40059  98.2324 310.8198 0001247  86.1937 273.9404 14.57110059399841
BRITE-PL2 (HEWELIUSZ)   
1 40119U 14049B   22007.16125972  .00000221  00000+0  32401-4 0  9995
2 40119  97.8865 104.5187 0018409  53.1113 307.1785 14.84793114400166
RESURS P2               
1 40360U 14087A   22007.15288470  .00002105  00000+0  64231-4 0  9996
2 40360  97.2194  95.4180 0008178 319.4033 127.9383 15.35005376393509
MMS 1                   
1 40482U 15011A   21358.38194444 -.00000655  00000+0  00000+0 0  9997
2 40482  33.4163 112.2155 8503628  41.9660 191.5586  0.28423532 12800
MMS 2                   
1 40483U 15011B   21358.38194444 -.00000655  00000+0  00000+0 0  9998
2 40483  33.4147 112.2190 8503016  41.9716 191.5346  0.28423512 12863
MMS 3                   
1 40484U 15011C   21358.38194444 -.00000656  00000+0  00000+0 0  9990
2 40484  33.4155 112.1940 8502988  41.9851 191.5540  0.28421281 12544
MMS 4                   
1 40485U 15011D   21358.38194444 -.00000655  00000+0  00000+0 0  9990
2 40485  33.4160 112.2158 8502213  41.9658 191.5563  0.28423511 12755
ASTROSAT                
1 40930U 15052A   22006.96859121  .00000818  00000+0  25726-4 0  9992
2 40930   5.9960 249.7148 0008312  26.8961 333.1597 14.76458298339299
DAMPE                   
1 41173U 15078A   22007.10785120  .00000286  00000+0  14637-4 0  9992
2 41173  97.3647   0.5013 0015212  52.6147  11.9369 15.24144006337008
PISAT                   
1 41784U 16059B   22006.68306282  .00000160  00000+0  39482-4 0  9996
2 41784  97.9405  56.1452 0030974 322.7431  37.1623 14.63720379282026
HXMT (HUIYAN)           
1 42758U 17034A   22007.15538087  .00000694  00000+0  55976-4 0  9993
2 42758  43.0154 154.7457 0008814 343.8211 185.0084 15.09559733251798
FLYING LAPTOP           
1 42831U 17042G   22007.05921060  .00000472  00000+0  52294-4 0  9994
2 42831  97.4407 230.7182 0013606 180.7415 179.3761 14.91459570244038
PICSAT                  
1 43132U 18004X   22006.73081104  .00003240  00000+0  12349-3 0  9990
2 43132  97.3907  84.4035 0007932 201.7090 158.3814 15.27402770221699
ZHANGZHENG-1 (CSES)     
1 43194U 18015C   22007.14985132  .00002997  00000+0  13774-3 0  9991
2 43194  97.5022 138.3809 0010744 285.6639 191.8348 15.21113347218109
ICON                    
1 44628U 19068A   22007.08457315  .00000772  00000+0  54422-4 0  9998
2 44628  26.9893 282.7004 0018739  31.5782 328.5898 14.92209722122422
SALSAT                  
1 46495U 20068K   22006.90234115  .00001467  00000+0  11104-3 0  9996
2 46495  97.7119 308.4195 0018255 103.6017 256.7243 15.03772030 69904
IXPE                    
1 49954U 21121A   22002.08362801  .00001566  00000+0  79871-4 0  9995
2 49954   0.2289 163.2462 0011389  10.1662 186.6022 14.90777066  3562
