ISS (ZARYA)             
1 25544U 98067A   22007.51708484  .00002541  00000+0  52723-4 0  9992
2 25544  51.6448  52.2443 0005346  12.6142 140.5249 15.49876380320263
AEROCUBE 12A            
1 43556U 18046C   22007.10358667  .00002432  00000+0  84469-4 0  9994
2 43556  51.6381 246.7356 0007703 169.6699 190.4443 15.33852678194518
AEROCUBE 12B            
1 43557U 18046D   22006.90230140  .00001930  00000+0  71310-4 0  9990
2 43557  51.6385 250.5904 0007891 167.5505 192.5673 15.32947017194391
LEMUR-2-VU              
1 43558U 18046E   22006.84443026  .00004450  00000+0  13041-3 0  9999
2 43558  51.6381 236.2986 0007430 176.6033 183.5002 15.37272926194622
LEMUR-2-ALEXANDER       
1 43559U 18046F   22006.85892207  .00003554  00000+0  10525-3 0  9998
2 43559  51.6379 234.9215 0007457 177.0296 183.0733 15.37596275194425
LEMUR-2-YUASA           
1 43560U 18046G   22007.14263120  .00003302  00000+0  99576-4 0  9994
2 43560  51.6386 235.2883 0007361 188.5839 171.5020 15.37257232194668
LEMUR-2-TOMHENDERSON    
1 43561U 18046H   22007.15015531  .00003477  00000+0  10623-3 0  9995
2 43561  51.6388 236.8090 0007409 185.1014 174.9894 15.36667057194204
ISS DEB (SEDA-AP)       
1 43870U 98067PU  22006.34024217  .00013483  00000+0  12545-3 0  9993
2 43870  51.6347 343.6795 0003800  32.2483 327.8745 15.67733076173394
ISS DEB                 
1 44303U 98067QA  22006.52202642  .00017264  00000+0  16934-3 0  9992
2 44303  51.6373   8.4317 0003462 311.6329  48.4370 15.66178902148356
ISS DEB                 
1 44306U 98067QD  22006.60533116  .00020072  00000+0  18417-3 0  9996
2 44306  51.6357   5.8417 0004093 308.6482  51.4147 15.67721135148405
RED-EYE 1 (PINOT)       
1 44364U 98067QJ  22006.43615656  .00016559  00000+0  16433-3 0  9992
2 44364  51.6389  10.1149 0004573 304.6637  55.3928 15.65918221143919
KRAKSAT                 
1 44427U 98067QM  22007.18523259  .00433865  99120-4  58921-3 0  9999
2 44427  51.6312 328.8187 0004931 118.0522 347.8776 16.05733191143639
RWASAT-1                
1 44790U 98067QV  22007.13008267  .00014323  00000+0  11951-3 0  9994
2 44790  51.6391   9.1125 0005892  10.5810 106.5402 15.70340464121329
AQT-D                   
1 44791U 98067QW  22007.15588984  .00032163  00000+0  25295-3 0  9994
2 44791  51.6339   8.9069 0004557 341.7895  18.2939 15.71172931121333
STPSAT-4                
1 45043U 98067QY  22006.36327956  .00011921  00000+0  15431-3 0  9997
2 45043  51.6408  38.8729 0004441 325.2153  34.8549 15.59359619110102
HARP                    
1 45256U 98067QZ  22006.99382695  .00041642  00000+0  31575-3 0  9993
2 45256  51.6420  16.9255 0004568 346.2888  13.7985 15.71915391107128
1998-067RA              
1 45257U 98067RA  22007.12237921  .00026566  00000+0  24222-3 0  9990
2 45257  51.6355  20.6298 0005482 338.3610  21.7154 15.67681904107083
PHOENIX                 
1 45258U 98067RB  22007.12369149  .00019618  00000+0  20567-3 0  9997
2 45258  51.6374  25.1597 0004275 316.9447  43.1213 15.64391391106994
1998-067RC              
1 45259U 98067RC  22006.30444306  .00134963  00000+0  50922-3 0  9995
2 45259  51.6281   7.5350 0005303  35.4646 324.6710 15.86812102107183
RADSAT-U                
1 45262U 98067RF  22006.48380492  .00029857  00000+0  26014-3 0  9993
2 45262  51.6414  22.5140 0005420   5.5302 354.5754 15.68730346107017
QARMAN                  
1 45263U 98067RG  22006.85527692  .00144780  00000+0  52184-3 0  9990
2 45263  51.6313   5.2179 0005040  39.4996 320.6375 15.87713558107299
SORTIE                  
1 45264U 98067RH  22007.10162591  .00012047  00000+0  14981-3 0  9996
2 45264  51.6405  31.8621 0006090 327.0953  32.9660 15.60407143106935
ICS-EF (ISS DEB)        
1 45265U 98067RJ  22007.11871394  .00005340  00000+0  84177-4 0  9999
2 45265  51.6406  41.6477 0004578 320.5243  39.5415 15.55328472106486
G-SAT                   
1 45597U 98067RK  22006.58279154  .00035100  00000+0  29802-3 0  9993
2 45597  51.6372  23.8263 0004651  24.4841 335.6376 15.69279534 96367
QUETZAL-1               
1 45598U 98067RL  22006.72168387  .00078195  00000+0  43291-3 0  9994
2 45598  51.6367  15.6976 0004759  49.4694 310.6721 15.78870578 96412
RED-EYE 2 (MERLOT)      
1 45800U 98067RM  22006.48209408  .00009831  00000+0  13645-3 0  9994
2 45800  51.6413  41.9569 0001498 359.2090   0.8899 15.57728238 88281
RED-EYE 3 (CABERNET)    
1 45809U 98067RN  22006.35322330  .00009529  00000+0  13230-3 0  9993
2 45809  51.6413  42.5970 0001503 335.7136  24.3786 15.57760918 87242
DEMI                    
1 45916U 98067RP  22006.65640447  .00060979  00000+0  40315-3 0  9997
2 45916  51.6392  21.3328 0002282  18.2584 341.8497 15.74966612 84548
SPOC                    
1 46921U 98067RR  22006.37544521  .00018516  00000+0  21604-3 0  9999
2 46921  51.6395  39.7596 0001905  76.1605 283.9600 15.61684413 66483
BOBCAT-1                
1 46922U 98067RS  22006.32716432  .00037243  00000+0  32451-3 0  9997
2 46922  51.6409  33.4702 0002352  58.8455 301.2772 15.68626826 66527
NEUTRON-1               
1 46923U 98067RT  22006.66364706  .00017435  00000+0  20449-3 0  9993
2 46923  51.6402  38.6866 0001638  84.8254 275.2927 15.61597388 66559
LEMUR-2-DJARA           
1 46926U 98067RW  22004.45615545  .07498914  12263-4  95904-3 0  9990
2 46926  51.6285  23.0087 0001611  88.6404 271.4805 16.35071279 66511
DESCENT                 
1 46927U 98067RX  22006.47167166  .00017690  00000+0  20623-3 0  9994
2 46927  51.6403  39.6519 0001294 104.0599 256.0538 15.61741866 66439
ISS DEB                 
1 47853U 98067RZ  22006.59718968  .00002258  00000+0  46211-4 0  9994
2 47853  51.6439  54.7138 0003008 115.0737 245.0565 15.50840287 46771
RSP-01                  
1 47925U 98067SB  22006.56366124  .00018848  00000+0  23940-3 0  9999
2 47925  51.6412  47.0089 0002675  48.9666 311.1557 15.59438352 46373
TAUSAT-1                
1 47926U 98067SC  22006.67827491  .00025666  00000+0  28877-3 0  9991
2 47926  51.6399  44.0041 0003569  48.5625 311.5675 15.62399186 46412
TSURU                   
1 47927U 98067SD  22006.37238205  .00016064  00000+0  21299-3 0  9991
2 47927  51.6405  48.7296 0002638  49.4481 310.6741 15.58424016 46331
STARS-EC                
1 47928U 98067SE  22006.48433398  .00029608  00000+0  32649-3 0  9993
2 47928  51.6396  45.7108 0003057 116.8765 243.2542 15.62836238 46361
MMSATS-1                
1 47976U 98067SJ  22006.92514824  .00007107  00000+0  12113-3 0  9993
2 47976  51.6494  51.6223 0002975 109.0692 251.0616 15.52540150 45124
TIANHE                  
1 48274U 21035A   22006.79389181  .00019315  00000+0  22998-3 0  9993
2 48274  41.4685 122.1814 0004566 350.0005 147.6976 15.60634936 39531
TIANZHOU-2              
1 48803U 21046A   22006.66609300  .00018794  00000+0  22396-3 0  9999
2 48803  41.4675 122.9596 0004580 350.0834 148.6673 15.60627650 39517
RAMSAT                  
1 48850U 98067SL  22006.74460073  .00010808  00000+0  16766-3 0  9991
2 48850  51.6414  51.9301 0003131 163.7726 196.3365 15.54556677 32073
SOAR                    
1 48851U 98067SM  22006.64790170  .00060305  00000+0  53946-3 0  9993
2 48851  51.6349  45.2386 0001313  91.3549 268.7598 15.67770284 32190
BD-28                   
1 48867U 98067SN  22007.09398279  .00011182  00000+0  16940-3 0  9996
2 48867  51.6406  49.7615 0001632 210.7066 149.3830 15.55171806 30889
MIR-SAT 1               
1 48868U 98067SP  22006.36840614  .00029631  00000+0  35614-3 0  9998
2 48868  51.6394  50.9149 0000856  92.2245 267.8847 15.60602305 30839
ISS (NAUKA)             
1 49044U 21066A   22006.54868645  .00000440  00000+0  15775-4 0  9998
2 49044  51.6452  57.0414 0005418   7.8702 138.4778 15.49868840320117
TIANZHOU-3              
1 49222U 21085A   22006.66609300  .00018794  00000+0  22396-3 0  9998
2 49222  41.4675 122.9596 0004580 350.0834 148.6673 15.60627650 39513
SOYUZ-MS 19             
1 49269U 21089A   22006.54868645  .00000440  00000+0  15775-4 0  9992
2 49269  51.6452  57.0414 0005418   7.8702 138.4778 15.49868840320116
FREGAT DEB              
1 49271U 11037PF  22006.87552952  .00118286  00000+0  50284+0 0  9991
2 49271  51.5786 309.6519 1014655  69.0935 301.5420 11.74381469 28058
BINAR-1                 
1 49272U 98067SR  22006.57825729  .00010706  00000+0  17606-3 0  9995
2 49272  51.6415  55.3051 0005459  67.1448 293.0118 15.52936732 14406
MAYA-3                  
1 49273U 98067SS  22006.43253869  .00012915  00000+0  20577-3 0  9996
2 49273  51.6414  55.8328 0005371  62.2168 297.9367 15.53608725 14381
MAYA-4                  
1 49274U 98067ST  22006.43547559  .00012789  00000+0  20432-3 0  9998
2 49274  51.6414  55.8523 0005314  61.1274 299.0249 15.53542187 14383
CUAVA-1                 
1 49275U 98067SU  22007.14691547  .00015436  00000+0  24577-3 0  9991
2 49275  51.6435  52.2695 0005438  75.5024 320.8975 15.53455363 14442
CAPSAT                  
1 49276U 98067SV  22006.67311439  .00011728  00000+0  19522-3 0  9992
2 49276  51.6416  55.1841 0005712  78.4482 281.7149 15.52486514 13473
1998-067SW              
1 49277U 98067SW  22006.72732285  .00012584  00000+0  20625-3 0  9992
2 49277  51.6406  54.7931 0006330  74.1892 285.9796 15.52840426 13451
1998-067SX              
1 49278U 98067SX  22006.69095922  .00031075  00000+0  42793-3 0  9995
2 49278  51.6399  53.8049 0006634  57.8717 302.2918 15.56941340 13487
SHENZHOU-13 (SZ-13)     
1 49326U 21092A   22006.66609300  .00018794  00000+0  22396-3 0  9991
2 49326  41.4675 122.9596 0004580 350.0834 148.6673 15.60627650 39518
PROGRESS-MS 18          
1 49379U 21098A   22006.54868645  .00000440  00000+0  15775-4 0  9994
2 49379  51.6452  57.0414 0005418   7.8702 138.4778 15.49868840320118
CREW DRAGON 3           
1 49407U 21103A   22006.54868645  .00000440  00000+0  15775-4 0  9993
2 49407  51.6452  57.0414 0005418   7.8702 138.4778 15.49868840320110
DRAGON CRS-24           
1 50318U 21127A   22006.54868645  .00000440  00000+0  15775-4 0  9992
2 50318  51.6452  57.0414 0005418   7.8702 138.4778 15.49868840320113
